         100   368.314545    
         100   368.281830    
         100   369.393463    
         100   367.750275    
         100   368.497833    
         100   346.567017    
         100   359.055542    
         100   367.909637    
         100   396.876343    
         100   398.729584    
         100   367.625183    
         100   359.344696    
         100   359.883484    
         100   353.187164    
         100   369.314270    
         100   359.223053    
         100   376.831635    
         100   359.787506    
         100   368.500946    
         100   368.953308    
         100   368.115112    
         100   368.595398    
         100   367.975006    
         100   368.605560    
         100   368.818817    
         100   368.448669    
         100   359.366211    
         100   369.363647    
         100   368.350403    
         100   368.059052    
