500 423.728821
500 446.428558
500 403.225800
600 474.725281
600 496.551727
600 432.000000
700 479.720276
700 490.000000
700 476.388885
800 416.260162
800 1383.78381
800 1528.35815
900 1756.62646
900 1567.74194
900 1638.20227
1000 1724.13794
1000 1680.67224
1000 1694.91528
1250 1751.68164
1250 1655.19067
1250 1691.01733
1500 1548.16516
1500 1442.30774
1500 1363.63635
1750 907.599487
1750 862.329041
1750 253.099167
2000 336.417145
2000 133.333328
2000 200.000000
2250 168.750000
2250 168.750000
2250 168.750000
2500 125.000000
2500 156.250000
2500 208.333328
2750 189.062500
2750 189.062500
2750 151.250000
3000 180.000000
3000 128.571426
3000 180.000000
3250 150.892853
3250 117.361115
3250 176.041672
3500 136.111115
3500 204.166672
3500 175.000000
3750 200.892853
3750 200.892853
3750 175.781250
4000 200.000000
4000 200.000000
4000 200.000000
4500 202.500000
4500 202.500000
4500 144.642853
5000 178.571426
5000 166.666672
5000 147.058823
