500 500.000000
500 500.000000
500 490.196075
600 600.000000
600 583.783813
600 568.421082
700 553.225830
700 540.157471
700 531.782959
800 536.125671
800 447.161560
800 421.399170
900 536.029419
900 534.065918
900 532.116760
1000 564.971741
1000 563.380310
1000 561.797729
1250 295.928040
1250 254.478821
1250 242.022919
1250 557.239685
1250 555.654358
1250 553.293213
1500 580.395508
1500 578.406189
1500 576.430420
1500 225.000000
1500 225.000000
1500 225.000000
1750 557.107605
1750 538.089844
1750 537.819885
1750 306.250000
1750 153.125000
1750 153.125000
2000 200.000000
2000 200.000000
2000 100.000000
2000 385.170929
2000 382.592072
2000 369.515015
2250 168.750000
2250 168.750000
2250 126.562500
2500 208.333328
2500 208.333328
2500 208.333328
2750 126.041664
2750 126.041664
2750 126.041664
3000 225.000000
3000 150.000000
3000 128.571426
3250 211.250000
3250 176.041672
3250 176.041672
3500 204.166672
3500 175.000000
3500 175.000000
3750 200.892853
3750 175.781250
3750 175.781250
4000 145.454544
4000 177.777771
4000 177.777771
4500 184.090912
4500 155.769226
4500 155.769226
5000 208.333328
5000 192.307693
5000 156.250000
