500 1315.78943
500 1190.47620
500 1470.58826
500 1388.88892
500 1136.36365
600 1136.84216
600 1107.69226
600 1080.00000
600 1270.58826
600 1107.69226
700 1143.33337
700 1106.45166
700 1162.71191
700 1345.09802
700 1319.23071
800 1066.66663
800 1044.89795
800 1125.27478
800 957.009338
800 1163.63635
900 1313.51355
900 1301.78577
900 1443.56433
900 1534.73682
900 1325.45459
1000 1459.85400
1000 1503.75940
1000 1333.33337
1000 1369.86304
1000 1418.43970
1250 1004.17737
1250 1094.18762
1250 818.920349
1250 1198.23621
1250 1044.45190
1500 961.538452
1500 998.520691
1500 1271.18640
1500 932.320435
1500 767.918091
1750 574.116211
1750 732.655518
1750 772.801025
1750 709.851013
1750 657.188843
2000 646.203552
2000 648.298218
2000 637.704285
2000 644.901245
2000 698.689941
2250 652.570923
2250 617.043579
2250 693.493164
2250 588.206787
2250 610.430054
2500 845.508667
2500 881.523254
2500 878.055664
2500 776.011902
2500 831.780701
2750 638.332581
2750 638.528564
2750 620.802246
2750 637.159180
2750 633.375183
3000 823.421753
3000 794.234436
3000 789.242920
3000 802.735229
3000 805.609436
3250 649.538818
3250 608.277222
3250 611.582458
3250 574.817871
3250 602.036560
3500 614.695312
3500 674.029236
3500 652.587524
3500 649.178589
3500 504.797791
3750 375.346985
3750 361.058319
3750 371.958221
3750 471.895966
3750 432.958740
3750 453.024994
4000 528.750854
4000 499.492706
4000 505.828888
4000 503.778351
4000 506.609680
4250 483.106506
4250 438.297546
4250 454.813080
4250 282.944336
