500 1785.71423
500 2083.33325
500 1923.07690
600 1800.00000
600 1661.53845
600 1800.00000
700 1805.26318
700 1715.00000
700 1715.00000
800 1896.29626
800 1765.51721
800 1896.29626
900 1822.50000
900 1944.00000
900 1869.23071
1000 1785.71423
1000 1851.85181
1000 1869.15894
1250 1816.86047
1250 1851.30334
1250 1816.86047
1500 1506.69641
1500 1467.39136
1500 875.486389
1750 241.739960
1750 246.125137
1750 153.125000
2000 200.000000
2000 200.000000
2000 133.333328
2250 168.750000
2250 253.125000
2250 168.750000
2500 208.333328
2500 208.333328
2500 208.333328
2750 189.062500
2750 189.062500
2750 189.062500
3000 180.000000
3000 180.000000
3000 180.000000
3250 211.250000
3250 176.041672
3250 176.041672
3500 204.166672
3500 204.166672
3500 204.166672
3750 200.892853
3750 175.781250
3750 200.892853
4000 200.000000
4000 200.000000
4000 200.000000
4500 202.500000
4500 202.500000
4500 202.500000
5000 192.307693
5000 208.333328
5000 192.307693
