500 1785.71423
500 1785.71423
500 1666.66663
600 1661.53845
600 1600.00000
600 1393.54834
700 1715.00000
700 1559.09094
700 1524.44446
800 1442.25354
800 1625.39685
800 1505.88232
900 1487.75513
900 1656.81824
900 1638.20227
1000 566.572266
1000 433.839478
1000 475.059387
1250 248.173447
1250 257.838287
1250 256.652435
1500 354.703094
1500 361.155701
1500 112.500000
1750 76.5625000
1750 102.083336
1750 153.125000
2000 133.333328
2000 200.000000
2000 100.000000
2250 126.562500
2250 168.750000
2250 168.750000
2500 208.333328
2500 208.333328
2500 156.250000
2750 189.062500
2750 189.062500
2750 252.083328
3000 300.000000
3000 180.000000
3000 180.000000
3250 150.892853
3250 176.041672
3250 211.250000
3500 204.166672
3500 204.166672
3500 204.166672
3750 234.375000
3750 200.892853
3750 156.250000
4000 145.454544
4000 160.000000
4000 133.333328
4500 155.769226
4500 202.500000
4500 202.500000
5000 208.333328
5000 166.666672
5000 156.250000
