         500    152.439026    
         500    127.551018    
         500    125.000000    
         500    102.040817    
         500    88.6524811    
         600    135.000000    
         600    104.854370    
         600    101.408447    
         600    96.6442947    
         600    91.7197418    
         700    111.183144    
         700    107.692307    
         700    91.9571075    
         700    89.7905731    
         700    86.5069351    
         800    99.4174728    
         800    91.2655945    
         800    86.7061844    
         800    83.1168823    
         800    81.5286636    
         900    134.750458    
         900    107.601479    
         900    104.142860    
         900    97.3947906    
         900    89.7230759    
        1000    110.864746    
        1000    107.758621    
        1000    106.269928    
        1000    94.1619568    
        1000    84.2815018    
        1250    78.2501984    
        1250    76.3834534    
        1250    73.9539948    
        1250    72.8913956    
        1250    72.0444489    
        1500    259.915283    
        1500    193.798447    
        1500    185.643570    
        1500    184.224884    
        1500    149.833511    
        1750    85.0222092    
        1750    83.9764175    
        1750    80.3143234    
        1750    134.387543    
        1750    124.246552    
        2000    155.430344    
        2000    203.252029    
        2000    197.214340    
        2000    197.190048    
        2000    170.484818    
        2250    151.440872    
        2250    123.415405    
        2250    117.271957    
        2250    112.951805    
        2250    109.551575    
        2500    207.544662    
        2500    203.225601    
        2500    196.096893    
        2500    162.001038    
        2500    138.353928    
        3750    90.9887924    
        3750    132.340485    
        3750    116.236938    
