         100   7.1480599217466079E-012   0.0000000000000000        5.0497055053710938E-004        1320   1350.07874    
         100   1.2789769243681803E-012   0.0000000000000000        7.6484680175781250E-004         871   891.354980    
         100   8.7396756498492323E-013   0.0000000000000000        6.4611434936523438E-004        1031   1055.15381    
         100   1.3642420526593924E-012   0.0000000000000000        6.7400932312011719E-004         989   1011.48450    
         100   9.3791641120333225E-013   0.0000000000000000        6.7400932312011719E-004         989   1011.48450    
         100   3.9221959013957530E-012   0.0000000000000000        4.5490264892578125E-004        1465   1498.67224    
         100   1.2221335055073723E-012   0.0000000000000000        7.6794624328613281E-004         868   887.757446    
         100   4.5741188614556449E-012   0.0000000000000000        7.5697898864746094E-004         880   900.619446    
         100   3.1370461783808423E-012   0.0000000000000000        7.4791908264160156E-004         891   911.529114    
         100   5.4356519285647664E-012   0.0000000000000000        7.4982643127441406E-004         889   909.210388    
