        1000     0.417903513
        2000     0.870113492
        3000      1.07570171
        4000      1.65357339
        5000      2.14741158
        6000      2.60378027
        7000      2.96569514
        8000      3.41252470
        9000      3.95479274
       10000      4.33140659
       11000      4.73378992
       12000      5.09619284
       13000      5.45954609
       14000      5.94292116
       15000      6.26628494
       20000      8.34687138
       30000      8.65668583
       40000      16.0344028
       50000      21.2850552
       60000      24.8915977
       70000      27.9097939
       80000      32.4868202
       90000      35.5730247
