         500   500.00000000000006       0.50000000000000000       0.49929594993591309        500.000000    
         500   500.00000000000006       0.50000000000000000       0.50252914428710938        500.000000    
         500   500.00000000000006       0.51000000000000001       0.50619983673095703        490.196075    
         600   599.99999999999989       0.71999999999999997       0.71484518051147461        600.000000    
         600   599.99999999999989       0.73999999999999999       0.73352098464965820        583.783813    
         600   599.99999999999989       0.76000000000000001       0.76292109489440918        568.421082    
         700   700.00000000000011        1.2400000000000000        1.2453510761260986        553.225830    
         700   700.00000000000011        1.2700000000000000        1.2655911445617676        540.157471    
         700   700.00000000000011        1.2900000000000000        1.2871148586273193        531.782959    
         800   800.00000000000011        1.9099999999999999        1.9154281616210938        536.125671    
         800   800.00000000000011        2.2900000000000000        2.2885730266571045        447.161560    
         800   800.00000000000011        2.4300000000000002        2.4228608608245850        421.399170    
         900   899.99999999999989        2.7200000000000002        2.7112531661987305        536.029419    
         900   899.99999999999989        2.7300000000000000        2.7264449596405029        534.065918    
         900   899.99999999999989        2.7400000000000002        2.7474319934844971        532.116760    
        1000   1000.0000000000001        3.5400000000000000        3.5465159416198730        564.971741    
        1000   1000.0000000000001        3.5499999999999998        3.5436179637908936        563.380310    
        1000   1000.0000000000001        3.5600000000000001        3.5492651462554932        561.797729    
        1250   1249.9999999999998        13.200000000000001        13.200587034225464        295.928040    
        1250   1249.9999999999998        15.350000000000001        15.352146148681641        254.478821    
        1250   1249.9999999999998        16.140000000000001        16.139435052871704        242.022919    
        1250   1249.9999999999998        7.0100000000000007        7.0194029808044434        557.239685    
        1250   1249.9999999999998        7.0300000000000002        7.0287868976593018        555.654358    
        1250   1249.9999999999998        7.0599999999999996        7.0466809272766113        553.293213    
        1500   1499.9999999999998        11.629999999999999        11.629082918167114        580.395508    
        1500   1499.9999999999998        11.670000000000000        11.664958953857422        578.406189    
        1500   1499.9999999999998        11.709999999999999        11.701081991195679        576.430420    
        1500   1500.0000000000000        1.0000000000000000E-002   1.1785030364990234E-002   225.000000    
        1500   1500.0000000000000        1.0000000000000000E-002   1.1834859848022461E-002   225.000000    
        1500   1500.0000000000000        1.0000000000000000E-002   1.2615203857421875E-002   225.000000    
        1750   1749.9999999999998        19.240000000000002        19.235692024230957        557.107605    
        1750   1749.9999999999998        19.919999999999998        19.931051015853882        538.089844    
        1750   1749.9999999999998        19.930000000000003        19.920299053192139        537.819885    
        1750   1750.0000000000000        1.0000000000000000E-002   1.6772031784057617E-002   306.250000    
        1750   1750.0000000000000        1.9999999999999997E-002   1.6242980957031250E-002   153.125000    
        1750   1750.0000000000000        1.9999999999999997E-002   1.7039060592651367E-002   153.125000    
        2000   2000.0000000000000        1.9999999999999997E-002   2.0440101623535156E-002   200.000000    
        2000   2000.0000000000000        2.0000000000000004E-002   2.4138927459716797E-002   200.000000    
        2000   2000.0000000000000        4.0000000000000001E-002   3.6053180694580078E-002   100.000000    
        2000   2000.0000000000002        41.539999999999999        41.537195920944214        385.170929    
        2000   2000.0000000000002        41.820000000000000        41.823001146316528        382.592072    
        2000   2000.0000000000002        43.299999999999997        43.298449039459229        369.515015    
        2250   2250.0000000000000        2.9999999999999999E-002   2.8642177581787109E-002   168.750000    
        2250   2250.0000000000000        2.9999999999999999E-002   3.1886100769042969E-002   168.750000    
        2250   2250.0000000000000        4.0000000000000001E-002   3.4284114837646484E-002   126.562500    
        2500   2500.0000000000000        2.9999999999999999E-002   3.4069061279296875E-002   208.333328    
        2500   2500.0000000000000        3.0000000000000002E-002   3.3250093460083008E-002   208.333328    
        2500   2500.0000000000000        3.0000000000000002E-002   3.3605813980102539E-002   208.333328    
        2750   2749.9999999999995        5.9999999999999998E-002   5.8883905410766602E-002   126.041664    
        2750   2749.9999999999995        5.9999999999999998E-002   6.0708999633789062E-002   126.041664    
        2750   2749.9999999999995        5.9999999999999998E-002   6.2116861343383789E-002   126.041664    
        3000   3000.0000000000000        4.0000000000000008E-002   4.7132015228271484E-002   225.000000    
        3000   3000.0000000000000        6.0000000000000005E-002   6.3770055770874023E-002   150.000000    
        3000   3000.0000000000000        7.0000000000000007E-002   7.0941925048828125E-002   128.571426    
        3250   3250.0000000000000        5.0000000000000003E-002   5.4959058761596680E-002   211.250000    
        3250   3250.0000000000000        5.9999999999999998E-002   5.4131031036376953E-002   176.041672    
        3250   3250.0000000000000        5.9999999999999998E-002   5.4605960845947266E-002   176.041672    
        3500   3500.0000000000000        5.9999999999999998E-002   6.2865018844604492E-002   204.166672    
        3500   3500.0000000000000        6.9999999999999993E-002   6.2468051910400391E-002   175.000000    
        3500   3500.0000000000000        7.0000000000000007E-002   6.3284158706665039E-002   175.000000    
        3750   3750.0000000000000        7.0000000000000007E-002   7.1427106857299805E-002   200.892853    
        3750   3750.0000000000000        8.0000000000000002E-002   7.2784900665283203E-002   175.781250    
        3750   3750.0000000000000        8.0000000000000002E-002   7.3394060134887695E-002   175.781250    
        4000   4000.0000000000000       0.11000000000000001       0.11063313484191895        145.454544    
        4000   4000.0000000000000        8.9999999999999997E-002   8.2479000091552734E-002   177.777771    
        4000   4000.0000000000000        8.9999999999999997E-002   9.7210168838500977E-002   177.777771    
        4500   4500.0000000000000       0.11000000000000001       0.10420107841491699        184.090912    
        4500   4500.0000000000000       0.13000000000000000       0.13127398490905762        155.769226    
        4500   4500.0000000000000       0.13000000000000000       0.13193202018737793        155.769226    
        5000   5000.0000000000000       0.12000000000000001       0.12357497215270996        208.333328    
        5000   5000.0000000000000       0.13000000000000000       0.12438201904296875        192.307693    
        5000   5000.0000000000000       0.16000000000000000       0.15862894058227539        156.250000    
