        3750   3749.9999999999777        1159.1400000000001        1188.8726921081543        90.9887924    
        3750   3749.9999999999777        907.36000000000001        907.65436983108521        116.236938    
        3750   3749.9999999999777        796.94999999999993        799.14581608772278        132.340485    
         500   500.00000000000006        2.0000000000000000        1.9999511241912842        125.000000    
         500   500.00000000000006        1.6399999999999999        1.6491959095001221        152.439026    
         500   500.00000000000006        2.4500000000000002        2.4465851783752441        102.040817    
         500   500.00000000000006        1.9600000000000000        1.9596290588378906        127.551018    
         500   500.00000000000006        2.8199999999999998        2.8116428852081299        88.6524811    
         600   600.00000000000148        3.2000000000000002        3.2127890586853027        135.000000    
         600   600.00000000000148        4.1200000000000001        4.1156718730926514        104.854370    
         600   600.00000000000148        4.4699999999999998        4.4725961685180664        96.6442947    
         600   600.00000000000148        4.2599999999999998        4.4499859809875488        101.408447    
         600   600.00000000000148        4.7100000000000000        5.0210299491882324        91.7197418    
         700   700.00000000000148        7.9300000000000006        7.9385070800781250        86.5069351    
         700   700.00000000000148        6.1700000000000008        6.1749467849731445        111.183144    
         700   700.00000000000148        7.4600000000000000        8.2758049964904785        91.9571075    
         700   700.00000000000148        7.6399999999999997        7.7569930553436279        89.7905731    
         700   700.00000000000148        6.3700000000000001        6.7433249950408936        107.692307    
         800   799.99999999999443        10.300000000000001        10.817758798599243        99.4174728    
         800   799.99999999999443        11.220000000000001        11.571352958679199        91.2655945    
         800   799.99999999999443        11.809999999999999        12.021911859512329        86.7061844    
         800   799.99999999999443        12.559999999999999        13.391412019729614        81.5286636    
         800   799.99999999999443        12.319999999999999        12.763305187225342        83.1168823    
         900   899.99999999999409        16.250000000000000        16.531401157379150        89.7230759    
         900   899.99999999999409        10.820000000000000        10.831224918365479        134.750458    
         900   899.99999999999409        13.550000000000001        13.555304050445557        107.601479    
         900   899.99999999999409        14.970000000000001        15.464645147323608        97.3947906    
         900   899.99999999999409        14.000000000000000        14.027045965194702        104.142860    
        1000   1000.0000000000001        18.559999999999999        19.824273109436035        107.758621    
        1000   1000.0000000000001        18.820000000000000        20.705524921417236        106.269928    
        1000   1000.0000000000001        18.039999999999999        18.327754020690918        110.864746    
        1000   1000.0000000000001        21.239999999999998        23.310124874114990        94.1619568    
        1000   1000.0000000000001        23.730000000000000        24.924216985702515        84.2815018    
        1250   1250.0000000000059        52.820000000000000        54.990983963012695        73.9539948    
        1250   1250.0000000000059        49.919999999999995        51.288886070251465        78.2501984    
        1250   1250.0000000000059        53.589999999999996        55.271745204925537        72.8913956    
        1250   1250.0000000000059        54.219999999999999        59.096767902374268        72.0444489    
        1250   1250.0000000000059        51.140000000000001        51.158073186874390        76.3834534    
        1500   1500.0000000000068        45.050000000000004        45.055121898651123        149.833511    
        1500   1500.0000000000068        36.640000000000001        36.636165142059326        184.224884    
        1500   1500.0000000000068        25.969999999999999        25.978782892227173        259.915283    
        1500   1500.0000000000068        36.359999999999999        36.373301029205322        185.643570    
        1500   1500.0000000000068        34.829999999999998        34.835186004638672        193.798447    
        1750   1749.9999999999943        79.759999999999991        79.760457038879395        134.387543    
        1750   1749.9999999999943        86.269999999999996        86.274338006973267        124.246552    
        1750   1749.9999999999943        126.07000000000001        126.08688902854919        85.0222092    
        1750   1749.9999999999943        133.46000000000001        133.52011609077454        80.3143234    
        1750   1749.9999999999943        127.64000000000000        127.69175100326538        83.9764175    
        2000   1999.9999999999709        102.94000000000001        102.96873116493225        155.430344    
        2000   1999.9999999999709        81.129999999999995        81.129236936569214        197.214340    
        2000   1999.9999999999709        81.140000000000001        81.148065090179443        197.190048    
        2000   1999.9999999999709        78.719999999999999        78.719236850738525        203.252029    
        2000   1999.9999999999709        93.849999999999994        93.883033037185669        170.484818    
        2250   2250.0000000000236        201.69000000000000        201.94695305824280        112.951805    
        2250   2250.0000000000236        207.95000000000002        208.15971398353577        109.551575    
        2250   2250.0000000000236        194.26000000000002        194.87083005905151        117.271957    
        2250   2250.0000000000236        184.59000000000000        185.79744815826416        123.415405    
        2250   2250.0000000000236        150.42999999999998        150.44145393371582        151.440872    
        2500   2499.9999999999723        225.86999999999998        226.53946495056152        138.353928    
        2500   2499.9999999999723        153.76999999999998        153.75841116905212        203.225601    
        2500   2499.9999999999723        159.35999999999999        159.36173486709595        196.096893    
        2500   2499.9999999999723        150.56999999999999        150.57688808441162        207.544662    
        2500   2499.9999999999723        192.90000000000001        192.92635202407837        162.001038    
