         500   500.00000000000006       0.19000000000000000       0.17936587333679199        1315.78943    
         500   500.00000000000006       0.20999999999999999       0.20819878578186035        1190.47620    
         500   500.00000000000006       0.17000000000000001       0.16953301429748535        1470.58826    
         500   500.00000000000006       0.17999999999999999       0.17574000358581543        1388.88892    
         500   500.00000000000006       0.22000000000000000       0.21784114837646484        1136.36365    
         600   600.00000000000148       0.38000000000000000       0.37740802764892578        1136.84216    
         600   600.00000000000148       0.39000000000000001       0.38856887817382812        1107.69226    
         600   600.00000000000148       0.40000000000000002       0.39455699920654297        1080.00000    
         600   600.00000000000148       0.33999999999999997       0.33781599998474121        1270.58826    
         600   600.00000000000148       0.39000000000000001       0.39294409751892090        1107.69226    
         700   700.00000000000148       0.59999999999999998       0.59518504142761230        1143.33337    
         700   700.00000000000148       0.62000000000000000       0.62046003341674805        1106.45166    
         700   700.00000000000148       0.58999999999999997       0.57983994483947754        1162.71191    
         700   700.00000000000148       0.51000000000000001       0.51593589782714844        1345.09802    
         700   700.00000000000148       0.52000000000000002       0.51600122451782227        1319.23071    
         800   799.99999999999443       0.95999999999999996       0.96790218353271484        1066.66663    
         800   799.99999999999443       0.97999999999999998       0.98725700378417969        1044.89795    
         800   799.99999999999443       0.90999999999999992       0.90571713447570801        1125.27478    
         800   799.99999999999443        1.0700000000000001        1.0600831508636475        957.009338    
         800   799.99999999999443       0.88000000000000000       0.87601304054260254        1163.63635    
         900   899.99999999999409        1.1099999999999999        1.1085209846496582        1313.51355    
         900   899.99999999999409        1.1199999999999999        1.1149909496307373        1301.78577    
         900   899.99999999999409        1.0100000000000000        1.0126340389251709        1443.56433    
         900   899.99999999999409       0.94999999999999996       0.94669914245605469        1534.73682    
         900   899.99999999999409        1.0999999999999999        1.0954380035400391        1325.45459    
        1000   1000.0000000000001        1.3699999999999999        1.3652379512786865        1459.85400    
        1000   1000.0000000000001        1.3300000000000001        1.3334519863128662        1503.75940    
        1000   1000.0000000000001        1.5000000000000000        1.4974648952484131        1333.33337    
        1000   1000.0000000000001        1.4600000000000000        1.4668719768524170        1369.86304    
        1000   1000.0000000000001        1.4099999999999999        1.4163320064544678        1418.43970    
        1250   1250.0000000000059        3.8900000000000001        3.8841998577117920        1004.17737    
        1250   1250.0000000000059        3.5699999999999998        3.5765569210052490        1094.18762    
        1250   1250.0000000000059        4.7699999999999996        4.7674679756164551        818.920349    
        1250   1250.0000000000059        3.2599999999999998        3.2624580860137939        1198.23621    
        1250   1250.0000000000059        3.7400000000000002        3.7512998580932617        1044.45190    
        1500   1500.0000000000068        7.0199999999999996        7.0121541023254395        961.538452    
        1500   1500.0000000000068        6.7599999999999998        6.7610681056976318        998.520691    
        1500   1500.0000000000068        5.3099999999999996        5.3094720840454102        1271.18640    
        1500   1500.0000000000068        7.2400000000000002        7.2423241138458252        932.320435    
        1500   1500.0000000000068        8.7899999999999991        8.7896518707275391        767.918091    
        1750   1749.9999999999943        18.669999999999998        18.664512157440186        574.116211    
        1750   1749.9999999999943        14.629999999999999        14.625792980194092        732.655518    
        1750   1749.9999999999943        13.869999999999999        13.864700078964233        772.801025    
        1750   1749.9999999999943        15.100000000000000        15.114399909973145        709.851013    
        1750   1749.9999999999943        16.310000000000002        16.303312063217163        657.188843    
        2000   1999.9999999999709        24.759999999999998        24.763721942901611        646.203552    
        2000   1999.9999999999709        24.680000000000000        24.685513973236084        648.298218    
        2000   1999.9999999999709        25.090000000000000        25.093995809555054        637.704285    
        2000   1999.9999999999709        24.810000000000002        24.813348054885864        644.901245    
        2000   1999.9999999999709        22.900000000000002        22.896878004074097        698.689941    
        2250   2250.0000000000236        34.909999999999997        34.900429010391235        652.570923    
        2250   2250.0000000000236        36.920000000000002        36.935770034790039        617.043579    
        2250   2250.0000000000236        32.849999999999994        32.847218990325928        693.493164    
        2250   2250.0000000000236        38.729999999999997        38.781075000762939        588.206787    
        2250   2250.0000000000236        37.320000000000000        37.379296064376831        610.430054    
        2500   2499.9999999999723        36.960000000000001        37.030614137649536        845.508667    
        2500   2499.9999999999723        35.450000000000003        35.528971195220947        881.523254    
        2500   2499.9999999999723        35.590000000000003        35.614376068115234        878.055664    
        2500   2499.9999999999723        40.270000000000003        40.291229009628296        776.011902    
        2500   2499.9999999999723        37.570000000000000        37.570304155349731        831.780701    
        2750   2749.9999999999764        65.160000000000011        65.152935981750488        638.332581    
        2750   2749.9999999999764        65.140000000000001        65.143625020980835        638.528564    
        2750   2749.9999999999764        67.000000000000000        67.002793073654175        620.802246    
        2750   2749.9999999999764        65.280000000000001        65.278112173080444        637.159180    
        2750   2749.9999999999764        65.670000000000002        65.676560163497925        633.375183    
        3000   2999.9999999999727        65.579999999999998        65.576879978179932        823.421753    
        3000   2999.9999999999727        67.989999999999995        67.992793798446655        794.234436    
        3000   2999.9999999999727        68.420000000000002        68.420519113540649        789.242920    
        3000   2999.9999999999727        67.270000000000010        67.273547172546387        802.735229    
        3000   2999.9999999999727        67.030000000000001        67.047139883041382        805.609436    
        3250   3250.0000000000273        105.69999999999999        105.70249509811401        649.538818    
        3250   3250.0000000000273        112.87000000000000        112.87405300140381        608.277222    
        3250   3250.0000000000273        112.26000000000001        112.25293612480164        611.582458    
        3250   3250.0000000000273        119.44000000000001        119.42951202392578        574.817871    
        3250   3250.0000000000273        114.03999999999999        114.04315996170044        602.036560    
        3500   3500.0000000000932        139.50000000000000        139.50385403633118        614.695312    
        3500   3500.0000000000932        127.22000000000000        127.21796989440918        674.029236    
        3500   3500.0000000000932        131.39999999999998        131.39121103286743        652.587524    
        3500   3500.0000000000932        132.08999999999997        132.09497499465942        649.178589    
        3500   3500.0000000000932        169.86999999999998        169.89652299880981        504.797791    
        3750   3749.9999999999777        280.99000000000001        281.03402209281921        375.346985    
        3750   3749.9999999999777        292.11000000000001        292.15302085876465        361.058319    
        3750   3749.9999999999777        283.55000000000001        283.55791497230530        371.958221    
        3750   3749.9999999999777        223.50000000000000        223.51582598686218        471.895966    
        3750   3749.9999999999777        243.59999999999999        243.65320420265198        432.958740    
        3750   3749.9999999999777        232.81000000000000        232.86400699615479        453.024994    
        4000   3999.9999999999054        242.08000000000001        242.08584594726562        528.750854    
        4000   3999.9999999999054        256.25999999999999        256.25677490234375        499.492706    
        4000   3999.9999999999054        253.05000000000001        253.04380893707275        505.828888    
        4000   3999.9999999999054        254.07999999999998        254.10052204132080        503.778351    
        4000   3999.9999999999054        252.66000000000000        252.67187500000000        506.609680    
        4250   4250.0000000001155        317.80000000000001        317.79904317855835        483.106506    
        4250   4250.0000000001155        350.29000000000002        350.29454278945923        438.297546    
        4250   4250.0000000001155        337.56999999999999        337.57850098609924        454.813080    
        4250   4250.0000000001155        542.62000000000000        542.77836894989014        282.944336    
