         100   5.0164317144663073E-012   0.0000000000000000        4.1508674621582031E-004        1606   1642.42773    
         100   1.2576606422953773E-012   0.0000000000000000        7.5697898864746094E-004         880   900.619446    
         100   1.2127188142585510E-011   0.0000000000000000        3.5309791564941406E-004        1888   1930.76758    
         100   1.1368683772161603E-012   0.0000000000000000        4.6682357788085938E-004        1428   1460.40186    
         100   2.6587620993723249E-012   0.0000000000000000        5.3715705871582031E-004        1241   1269.18188    
         100   2.3107737945338158E-011   0.0000000000000000        3.1995773315429688E-004        2083   2130.75024    
         100   1.3926637620897964E-012   0.0000000000000000        3.2114982604980469E-004        2075   2122.84106    
         100   5.4711790653527714E-013   0.0000000000000000        3.5190582275390625E-004        1894   1937.30811    
         100   7.9580786405131221E-013   0.0000000000000000        3.4809112548828125E-004        1915   1958.53882    
         100   8.2067685980291571E-012   0.0000000000000000        7.0214271545410156E-004         949   970.956482    
