        6250   6250.0000000000000       0.21000000000000002       0.20172882080078125        186.011902    
        1750   1750.0000000000000        1.0000000000000000E-002   4.8239231109619141E-003   153.125000    
        1250   1250.0000000000000        1.0000000000000002E-002   4.9879550933837891E-003   78.1250000    
        1500   1500.0000000000000        1.0000000000000000E-002   3.7610530853271484E-003   112.500000    
        6250   6250.0000000000000       0.17999999999999999       0.18482208251953125        217.013885    
        1750   1750.0000000000000        1.0000000000000000E-002   4.8689842224121094E-003   153.125000    
        1250   1250.0000000000000        1.0000000000000000E-002   2.7770996093750000E-003   78.1250000    
        1750   1750.0000000000000        1.0000000000000000E-002   1.0308980941772461E-002   153.125000    
        6250   6250.0000000000000       0.17999999999999999       0.18587899208068848        217.013885    
        2000   2000.0000000000000        1.0000000000000000E-002   6.9611072540283203E-003   200.000000    
        1500   1500.0000000000000        1.0000000000000000E-002   4.1618347167968750E-003   112.500000    
        1750   1750.0000000000000        1.0000000000000002E-002   7.2519779205322266E-003   153.125000    
        6500   6500.0000000000000       0.19999999999999998       0.19974803924560547        211.250000    
        2000   2000.0000000000000        1.0000000000000000E-002   7.8301429748535156E-003   200.000000    
        1750   1750.0000000000000        1.0000000000000000E-002   5.7568550109863281E-003   153.125000    
        2000   2000.0000000000000        9.9999999999999985E-003   8.2619190216064453E-003   200.000000    
        6500   6500.0000000000000       0.23999999999999999       0.23759484291076660        176.041672    
        2250   2250.0000000000000        1.0000000000000000E-002   1.0176181793212891E-002   253.125000    
        1750   1750.0000000000000        2.0000000000000000E-002   5.1071643829345703E-003   76.5625000    
        2000   2000.0000000000000        1.0000000000000000E-002   6.8950653076171875E-003   200.000000    
        6500   6500.0000000000000       0.20999999999999999       0.21661710739135742        201.190475    
        2250   2250.0000000000000        1.0000000000000000E-002   9.9449157714843750E-003   253.125000    
        2000   2000.0000000000000        1.0000000000000000E-002   7.7478885650634766E-003   200.000000    
        2000   2000.0000000000000        1.0000000000000000E-002   7.4880123138427734E-003   200.000000    
        6750   6750.0000000000000       0.20999999999999999       0.21446990966796875        216.964279    
        2250   2250.0000000000000        1.0000000000000000E-002   9.6669197082519531E-003   253.125000    
        2000   2000.0000000000000        1.0000000000000000E-002   7.6389312744140625E-003   200.000000    
        2250   2250.0000000000000        1.0000000000000000E-002   1.0288953781127930E-002   253.125000    
        6750   6750.0000000000000       0.22000000000000000       0.21421098709106445        207.102280    
        2500   2500.0000000000000        2.0000000000000000E-002   1.2877941131591797E-002   156.250000    
        2250   2250.0000000000000        1.0000000000000000E-002   9.3460083007812500E-003   253.125000    
        2250   2250.0000000000000        1.0000000000000000E-002   1.0330915451049805E-002   253.125000    
        6750   6750.0000000000000       0.20999999999999999       0.21497988700866699        216.964279    
        2500   2500.0000000000000        2.0000000000000000E-002   1.3592004776000977E-002   156.250000    
        2250   2250.0000000000000        1.0000000000000000E-002   9.9921226501464844E-003   253.125000    
        2500   2500.0000000000000        1.0000000000000000E-002   1.3702154159545898E-002   312.500000    
        7000   7000.0000000000000       0.22999999999999998       0.23092889785766602        213.043472    
        2500   2500.0000000000000        1.0000000000000000E-002   1.3198137283325195E-002   312.500000    
        2250   2250.0000000000000        1.0000000000000000E-002   1.1488914489746094E-002   253.125000    
        2500   2500.0000000000000        1.9999999999999997E-002   1.2661933898925781E-002   156.250000    
        7000   7000.0000000000000       0.23999999999999999       0.23336982727050781        204.166672    
        2750   2749.9999999999995        1.0000000000000000E-002   1.6011953353881836E-002   378.125000    
        2500   2500.0000000000000        1.9999999999999997E-002   1.4152050018310547E-002   156.250000    
        2500   2500.0000000000000        1.0000000000000000E-002   1.3075828552246094E-002   312.500000    
        7000   7000.0000000000000       0.22999999999999998       0.23155212402343750        213.043472    
        2750   2749.9999999999995        1.0000000000000000E-002   1.6494035720825195E-002   378.125000    
        2500   2500.0000000000000        1.0000000000000000E-002   1.3132095336914062E-002   312.500000    
        2750   2749.9999999999995        1.9999999999999997E-002   1.7074108123779297E-002   189.062500    
        7250   7250.0000000000000       0.23999999999999999       0.24728202819824219        219.010422    
        2750   2749.9999999999995        1.0000000000000000E-002   1.5885829925537109E-002   378.125000    
        2500   2500.0000000000000        1.0000000000000000E-002   1.2723922729492188E-002   312.500000    
        2750   2749.9999999999995        1.0000000000000000E-002   1.6170024871826172E-002   378.125000    
        7250   7250.0000000000000       0.25000000000000000       0.24901604652404785        210.250000    
        3000   3000.0000000000000        1.9999999999999997E-002   2.0373106002807617E-002   225.000000    
        2750   2749.9999999999995        1.0000000000000000E-002   1.5516042709350586E-002   378.125000    
        2750   2749.9999999999995        1.0000000000000000E-002   1.6050100326538086E-002   378.125000    
        7250   7250.0000000000000       0.23999999999999999       0.24864888191223145        219.010422    
        3000   3000.0000000000000        1.9999999999999997E-002   1.8645048141479492E-002   225.000000    
        2750   2749.9999999999995        1.0000000000000000E-002   1.5700817108154297E-002   378.125000    
        3000   3000.0000000000000        1.9999999999999997E-002   1.9937992095947266E-002   225.000000    
        7500   7500.0000000000000       0.27000000000000002       0.26757097244262695        208.333328    
        3000   3000.0000000000000        1.9999999999999997E-002   2.0029067993164062E-002   225.000000    
        2750   2749.9999999999995        1.0000000000000000E-002   1.5765905380249023E-002   378.125000    
        3000   3000.0000000000000        1.0000000000000000E-002   2.0601034164428711E-002   450.000000    
        7500   7500.0000000000000       0.26000000000000001       0.26499485969543457        216.346161    
        3250   3250.0000000000000        2.9999999999999999E-002   2.3947954177856445E-002   176.041672    
        3000   3000.0000000000000        2.9999999999999999E-002   1.9944906234741211E-002   150.000000    
        3000   3000.0000000000000        1.9999999999999997E-002   1.9012928009033203E-002   225.000000    
        7500   7500.0000000000000       0.26000000000000001       0.26505303382873535        216.346161    
        3250   3250.0000000000000        2.9999999999999999E-002   2.4055957794189453E-002   176.041672    
        3000   3000.0000000000000        1.9999999999999997E-002   1.9034862518310547E-002   225.000000    
        3250   3250.0000000000000        1.9999999999999997E-002   2.3364067077636719E-002   264.062500    
        7750   7750.0000000000000       0.27999999999999997       0.28414702415466309        214.508926    
        3250   3250.0000000000000        2.9999999999999999E-002   2.3085832595825195E-002   176.041672    
        3000   3000.0000000000000        1.9999999999999997E-002   1.8531084060668945E-002   225.000000    
        3250   3250.0000000000000        2.9999999999999999E-002   2.2781133651733398E-002   176.041672    
        7750   7750.0000000000000       0.27999999999999997       0.28392004966735840        214.508926    
        3500   3500.0000000000000        2.9999999999999999E-002   2.7014017105102539E-002   204.166672    
        3250   3250.0000000000000        2.9999999999999999E-002   2.3097038269042969E-002   176.041672    
        3250   3250.0000000000000        1.9999999999999997E-002   2.2644996643066406E-002   264.062500    
        7750   7750.0000000000000       0.28999999999999998       0.28455305099487305        207.112076    
        3500   3500.0000000000000        2.9999999999999999E-002   2.6278018951416016E-002   204.166672    
        3250   3250.0000000000000        1.9999999999999997E-002   2.2704124450683594E-002   264.062500    
        3500   3500.0000000000000        2.9999999999999999E-002   2.5925159454345703E-002   204.166672    
        8000   8000.0000000000000       0.29999999999999999       0.30120396614074707        213.333328    
        3500   3500.0000000000000        2.9999999999999999E-002   3.2904148101806641E-002   204.166672    
        3250   3250.0000000000000        1.9999999999999997E-002   2.1857976913452148E-002   264.062500    
        3500   3500.0000000000000        2.9999999999999999E-002   2.6146173477172852E-002   204.166672    
        8000   8000.0000000000000       0.29999999999999999       0.30208587646484375        213.333328    
        3750   3750.0000000000000        2.9999999999999999E-002   3.2114982604980469E-002   234.375000    
        3500   3500.0000000000000        2.9999999999999999E-002   2.6546955108642578E-002   204.166672    
        3500   3500.0000000000000        2.9999999999999999E-002   2.7309179306030273E-002   204.166672    
        8000   8000.0000000000000       0.31000000000000000       0.30218482017517090        206.451614    
        3750   3750.0000000000000        2.9999999999999999E-002   3.0273914337158203E-002   234.375000    
        3500   3500.0000000000000        1.9999999999999997E-002   2.6804924011230469E-002   306.250000    
        3750   3750.0000000000000        2.9999999999999999E-002   3.0761957168579102E-002   234.375000    
        8250   8250.0000000000000       0.32000000000000001       0.32233405113220215        212.695312    
        3750   3750.0000000000000        2.9999999999999999E-002   3.1023979187011719E-002   234.375000    
        3500   3500.0000000000000        2.9999999999999999E-002   2.6595830917358398E-002   204.166672    
        3750   3750.0000000000000        2.9999999999999999E-002   3.2296895980834961E-002   234.375000    
        8250   8250.0000000000000       0.32000000000000001       0.32307100296020508        212.695312    
        4000   4000.0000000000000        4.0000000000000001E-002   3.5254955291748047E-002   200.000000    
        3750   3750.0000000000000        2.9999999999999999E-002   3.0128955841064453E-002   234.375000    
        3750   3750.0000000000000        4.0000000000000008E-002   3.7071943283081055E-002   175.781250    
        8250   8250.0000000000000       0.32000000000000001       0.32109189033508301        212.695312    
        4000   4000.0000000000000        2.9999999999999999E-002   3.4518957138061523E-002   266.666656    
        3750   3750.0000000000000        2.9999999999999999E-002   3.1853914260864258E-002   234.375000    
        4000   4000.0000000000000        3.0000000000000002E-002   3.6248207092285156E-002   266.666656    
        8500   8500.0000000000000       0.33999999999999997       0.34129190444946289        212.500000    
        4000   4000.0000000000000        4.0000000000000001E-002   3.5943031311035156E-002   200.000000    
        3750   3750.0000000000000        2.9999999999999999E-002   3.0019044876098633E-002   234.375000    
        4000   4000.0000000000000        4.0000000000000001E-002   3.4586191177368164E-002   200.000000    
        8500   8500.0000000000000       0.33999999999999997       0.33905601501464844        212.500000    
        4500   4500.0000000000000        4.0000000000000001E-002   4.4795989990234375E-002   253.125000    
        4000   4000.0000000000000        4.0000000000000001E-002   3.5212039947509766E-002   200.000000    
        4000   4000.0000000000000        4.0000000000000001E-002   3.4904956817626953E-002   200.000000    
        8500   8500.0000000000000       0.34999999999999998       0.34290409088134766        206.428574    
        4500   4500.0000000000000        4.0000000000000001E-002   4.4579982757568359E-002   253.125000    
        4000   4000.0000000000000        2.9999999999999999E-002   3.4219980239868164E-002   266.666656    
        4500   4500.0000000000000        4.0000000000000001E-002   4.4468879699707031E-002   253.125000    
        8750   8750.0000000000000       0.35999999999999999       0.36191487312316895        212.673615    
        4500   4500.0000000000000        4.0000000000000001E-002   4.3946027755737305E-002   253.125000    
        4000   4000.0000000000000        4.0000000000000001E-002   3.5938024520874023E-002   200.000000    
        4500   4500.0000000000000        4.9999999999999996E-002   4.5106887817382812E-002   202.500000    
        8750   8750.0000000000000       0.35999999999999999       0.36222219467163086        212.673615    
        5000   5000.0000000000000        4.9999999999999996E-002   5.4410934448242188E-002   250.000000    
        4500   4500.0000000000000        4.0000000000000001E-002   4.4068098068237305E-002   253.125000    
        4500   4500.0000000000000        4.9999999999999996E-002   4.5189142227172852E-002   202.500000    
        8750   8750.0000000000000       0.35999999999999999       0.36225795745849609        212.673615    
        5000   5000.0000000000000        4.9999999999999996E-002   5.4423809051513672E-002   250.000000    
        4500   4500.0000000000000        4.9999999999999996E-002   5.1571846008300781E-002   202.500000    
        5000   5000.0000000000000        6.0000000000000005E-002   5.5374145507812500E-002   208.333328    
        9000   9000.0000000000000       0.38000000000000000       0.38423705101013184        213.157898    
        5000   5000.0000000000000        4.9999999999999996E-002   5.4374933242797852E-002   250.000000    
        4500   4500.0000000000000        5.0000000000000003E-002   5.2617073059082031E-002   202.500000    
        5000   5000.0000000000000        4.9999999999999996E-002   5.5042028427124023E-002   250.000000    
        9000   9000.0000000000000       0.38000000000000000       0.38303709030151367        213.157898    
        5000   5000.0000000000000        4.9999999999999996E-002   5.4494857788085938E-002   250.000000    
        5000   5000.0000000000000        6.0000000000000005E-002   5.4013967514038086E-002   208.333328    
        9000   9000.0000000000000       0.38000000000000000       0.38249111175537109        213.157898    
        5000   5000.0000000000000        4.9999999999999996E-002   5.3816080093383789E-002   250.000000    
        9500   9500.0000000000000       0.42999999999999999       0.42890095710754395        209.883728    
        5000   5000.0000000000000        4.9999999999999996E-002   5.4182052612304688E-002   250.000000    
        9500   9500.0000000000000       0.43999999999999995       0.44344997406005859        205.113632    
        9500   9500.0000000000000       0.43999999999999995       0.44344019889831543        205.113632    
