        6250   6250.0000000000000       0.10000000000000001        9.0354919433593750E-002   195.312500    
         500   500.00000000000000        1.0000000000000000E-002   1.6529560089111328E-003   12.5000000    
         800   800.00000000000000        9.9999999999999985E-003   2.4859905242919922E-003   32.0000000    
        6250   6250.0000000000000       0.10000000000000001        9.8809957504272461E-002   195.312500    
         500   500.00000000000000        1.9999999999999997E-002   1.2691020965576172E-003   6.25000000    
        6250   6250.0000000000000       0.10000000000000001        9.6731901168823242E-002   195.312500    
         500   500.00000000000000        1.0000000000000000E-002   9.4795227050781250E-004   12.5000000    
        6500   6500.0000000000000       0.10000000000000001        9.3801975250244141E-002   211.250000    
        1000   1000.0000000000000        1.0000000000000000E-002   2.1600723266601562E-003   50.0000000    
        6500   6500.0000000000000       0.10000000000000001        9.3459129333496094E-002   211.250000    
        1000   1000.0000000000000        1.0000000000000000E-002   1.9841194152832031E-003   50.0000000    
        6500   6500.0000000000000       0.13000000000000000       0.11435198783874512        162.500000    
        6750   6750.0000000000000       0.11000000000000001       0.11235690116882324        207.102280    
        6750   6750.0000000000000       0.10000000000000001       0.10081386566162109        227.812500    
        6750   6750.0000000000000       0.10000000000000001        9.9647045135498047E-002   227.812500    
        7000   7000.0000000000000       0.11000000000000000       0.10744309425354004        222.727280    
        7000   7000.0000000000000       0.11000000000000000       0.10764098167419434        222.727280    
        7000   7000.0000000000000       0.11000000000000000       0.10709786415100098        222.727280    
        7250   7250.0000000000000       0.12000000000000001       0.11693501472473145        219.010422    
        7250   7250.0000000000000       0.12000000000000001       0.11524510383605957        219.010422    
        7250   7250.0000000000000       0.11000000000000000       0.11460995674133301        238.920456    
        7500   7500.0000000000000       0.13000000000000000       0.12314105033874512        216.346161    
        7500   7500.0000000000000       0.12000000000000001       0.12458086013793945        234.375000    
        7750   7750.0000000000000       0.12000000000000001       0.13043785095214844        250.260422    
        7750   7750.0000000000000       0.13000000000000000       0.13140201568603516        231.009613    
        7750   7750.0000000000000       0.13999999999999999       0.13220000267028809        214.508926    
        8000   8000.0000000000000       0.13999999999999999       0.14161300659179688        228.571426    
        8000   8000.0000000000000       0.13999999999999999       0.14222192764282227        228.571426    
        8000   8000.0000000000000       0.13999999999999999       0.14108610153198242        228.571426    
        8250   8250.0000000000000       0.14999999999999999       0.14865708351135254        226.875000    
        8250   8250.0000000000000       0.14999999999999999       0.14821600914001465        226.875000    
        8250   8250.0000000000000       0.14999999999999999       0.14901900291442871        226.875000    
        8500   8500.0000000000000       0.16000000000000000       0.15850210189819336        225.781250    
        8500   8500.0000000000000       0.16000000000000000       0.15885090827941895        225.781250    
        8500   8500.0000000000000       0.14999999999999999       0.15805888175964355        240.833328    
        8750   8750.0000000000000       0.16000000000000000       0.16966795921325684        239.257812    
        8750   8750.0000000000000       0.16999999999999998       0.16785907745361328        225.183823    
        8750   8750.0000000000000       0.16999999999999998       0.16901803016662598        225.183823    
        9000   9000.0000000000000       0.17999999999999999       0.17823290824890137        225.000000    
        9000   9000.0000000000000       0.17999999999999999       0.17773699760437012        225.000000    
        9000   9000.0000000000000       0.17999999999999999       0.17857003211975098        225.000000    
        9500   9500.0000000000000       0.19999999999999998       0.19837188720703125        225.625000    
        9500   9500.0000000000000       0.19000000000000000       0.19798493385314941        237.500000    
        9500   9500.0000000000000       0.22000000000000000       0.20937895774841309        205.113632    
