         500   500.00000000000000        0.0000000000000000        1.4050006866455078E-003         Infinity
         500   500.00000000000000        0.0000000000000000        1.4209747314453125E-003         Infinity
         500   500.00000000000000        0.0000000000000000        1.4240741729736328E-003         Infinity
         500   500.00000000000000        0.0000000000000000        1.5389919281005859E-003         Infinity
         500   500.00000000000000        0.0000000000000000        3.4878253936767578E-003         Infinity
         600   600.00000000000000        0.0000000000000000        1.8408298492431641E-003         Infinity
         600   600.00000000000000        0.0000000000000000        2.1400451660156250E-003         Infinity
         600   600.00000000000000        0.0000000000000000        2.1820068359375000E-003         Infinity
         600   600.00000000000000        0.0000000000000000        3.6990642547607422E-003         Infinity
         600   600.00000000000000        0.0000000000000000        5.0008296966552734E-003         Infinity
         700   700.00000000000000        0.0000000000000000        3.6120414733886719E-003         Infinity
         700   700.00000000000000        0.0000000000000000        3.8509368896484375E-003         Infinity
         700   700.00000000000000        0.0000000000000000        4.0941238403320312E-003         Infinity
         700   700.00000000000000        0.0000000000000000        4.2669773101806641E-003         Infinity
         700   700.00000000000000        0.0000000000000000        4.3759346008300781E-003         Infinity
         800   800.00000000000000        0.0000000000000000        2.9530525207519531E-003         Infinity
         800   800.00000000000000        0.0000000000000000        3.5450458526611328E-003         Infinity
         800   800.00000000000000        0.0000000000000000        4.4732093811035156E-003         Infinity
         800   800.00000000000000        0.0000000000000000        4.7101974487304688E-003         Infinity
         800   800.00000000000000        0.0000000000000000        4.8840045928955078E-003         Infinity
         900   900.00000000000000        0.0000000000000000        3.5879611968994141E-003         Infinity
         900   900.00000000000000        0.0000000000000000        3.5929679870605469E-003         Infinity
         900   900.00000000000000        0.0000000000000000        3.9758682250976562E-003         Infinity
         900   900.00000000000000        1.0000000000000000E-002   3.6048889160156250E-003   81.0000000    
         900   900.00000000000000        1.0000000000000000E-002   3.6659240722656250E-003   81.0000000    
        1000   1000.0000000000000        0.0000000000000000        4.1410923004150391E-003         Infinity
        1000   1000.0000000000000        0.0000000000000000        4.1489601135253906E-003         Infinity
        1000   1000.0000000000000        0.0000000000000000        4.1720867156982422E-003         Infinity
        1000   1000.0000000000000        0.0000000000000000        4.3320655822753906E-003         Infinity
        1000   1000.0000000000000        0.0000000000000000        4.3401718139648438E-003         Infinity
        1250   1250.0000000000000        0.0000000000000000        6.4578056335449219E-003         Infinity
        1250   1250.0000000000000        0.0000000000000000        6.9389343261718750E-003         Infinity
        1250   1250.0000000000000        0.0000000000000000        6.9558620452880859E-003         Infinity
        1250   1250.0000000000000        0.0000000000000000        6.9630146026611328E-003         Infinity
        1250   1250.0000000000000        0.0000000000000000        6.9749355316162109E-003         Infinity
        1500   1500.0000000000000        1.0000000000000000E-002   1.0272979736328125E-002   225.000000    
        1500   1500.0000000000000        1.0000000000000000E-002   1.0384082794189453E-002   225.000000    
        1500   1500.0000000000000        1.0000000000000000E-002   1.0582208633422852E-002   225.000000    
        1500   1500.0000000000000        1.0000000000000000E-002   9.7999572753906250E-003   225.000000    
        1500   1500.0000000000000        1.0000000000000000E-002   9.9871158599853516E-003   225.000000    
        1750   1750.0000000000000        1.0000000000000000E-002   1.4025926589965820E-002   306.250000    
        1750   1750.0000000000000        1.0000000000000000E-002   1.4513969421386719E-002   306.250000    
        1750   1750.0000000000000        1.0000000000000000E-002   1.4515876770019531E-002   306.250000    
        1750   1750.0000000000000        1.0000000000000000E-002   1.5355825424194336E-002   306.250000    
        1750   1750.0000000000000        1.9999999999999997E-002   1.4883995056152344E-002   153.125000    
        2000   2000.0000000000000        1.9999999999999997E-002   1.9260883331298828E-002   200.000000    
        2000   2000.0000000000000        2.0000000000000000E-002   1.9651174545288086E-002   200.000000    
        2000   2000.0000000000000        2.9999999999999999E-002   1.9566774368286133E-002   133.333328    
        2000   2000.0000000000000        2.9999999999999999E-002   3.3206939697265625E-002   133.333328    
        2000   2000.0000000000000        3.0000000000000002E-002   2.4785995483398438E-002   133.333328    
        2250   2250.0000000000000        2.9999999999999999E-002   2.5696992874145508E-002   168.750000    
        2250   2250.0000000000000        2.9999999999999999E-002   2.6129961013793945E-002   168.750000    
        2250   2250.0000000000000        2.9999999999999999E-002   2.6237010955810547E-002   168.750000    
        2250   2250.0000000000000        2.9999999999999999E-002   3.9705038070678711E-002   168.750000    
        2250   2250.0000000000000        3.0000000000000002E-002   3.2478809356689453E-002   168.750000    
        2500   2500.0000000000000        2.9999999999999999E-002   3.1119108200073242E-002   208.333328    
        2500   2500.0000000000000        2.9999999999999999E-002   3.1132936477661133E-002   208.333328    
        2500   2500.0000000000000        2.9999999999999999E-002   3.1446933746337891E-002   208.333328    
        2500   2500.0000000000000        2.9999999999999999E-002   3.1504154205322266E-002   208.333328    
        2500   2500.0000000000000        2.9999999999999999E-002   3.1520843505859375E-002   208.333328    
        2750   2749.9999999999995        4.0000000000000001E-002   3.8005828857421875E-002   189.062500    
        2750   2749.9999999999995        4.0000000000000001E-002   3.9039850234985352E-002   189.062500    
        2750   2749.9999999999995        4.0000000000000008E-002   3.7800073623657227E-002   189.062500    
        2750   2749.9999999999995        5.0000000000000003E-002   3.8968086242675781E-002   151.250000    
        2750   2749.9999999999995        5.9999999999999998E-002   6.1224222183227539E-002   126.041664    
        3000   3000.0000000000000        5.9999999999999998E-002   5.3727865219116211E-002   150.000000    
        3000   3000.0000000000000        7.0000000000000007E-002   6.8850040435791016E-002   128.571426    
        3000   3000.0000000000000        7.0000000000000007E-002   6.9149017333984375E-002   128.571426    
        3000   3000.0000000000000        7.0000000000000007E-002   7.0191860198974609E-002   128.571426    
        3000   3000.0000000000000        7.0000000000000007E-002   7.0200920104980469E-002   128.571426    
        3250   3250.0000000000000        5.0000000000000003E-002   5.3774118423461914E-002   211.250000    
        3250   3250.0000000000000        7.0000000000000007E-002   7.0390939712524414E-002   150.892853    
        3250   3250.0000000000000        7.0000000000000007E-002   7.4198007583618164E-002   150.892853    
        3250   3250.0000000000000        7.0000000000000007E-002   7.5979948043823242E-002   150.892853    
        3250   3250.0000000000000        8.0000000000000002E-002   7.6374053955078125E-002   132.031250    
        3500   3500.0000000000000        5.9999999999999998E-002   6.6320896148681641E-002   204.166672    
        3500   3500.0000000000000        8.0000000000000002E-002   8.6349010467529297E-002   153.125000    
        3500   3500.0000000000000        8.9999999999999997E-002   9.0456008911132812E-002   136.111115    
        3500   3500.0000000000000        8.9999999999999997E-002   9.0934038162231445E-002   136.111115    
        3500   3500.0000000000000        8.9999999999999997E-002   9.3765020370483398E-002   136.111115    
        3750   3750.0000000000000        5.9999999999999998E-002   6.6334962844848633E-002   234.375000    
        3750   3750.0000000000000        7.0000000000000007E-002   7.4275016784667969E-002   200.892853    
        3750   3750.0000000000000        8.9999999999999997E-002   8.5211992263793945E-002   156.250000    
        4000   4000.0000000000000       0.10000000000000001       0.10632681846618652        160.000000    
        4000   4000.0000000000000       0.10000000000000001       0.10670089721679688        160.000000    
        4000   4000.0000000000000       0.11000000000000001       0.10600686073303223        145.454544    
        4000   4000.0000000000000        7.0000000000000007E-002   7.5314998626708984E-002   228.571426    
        4000   4000.0000000000000        8.0000000000000002E-002   7.8281879425048828E-002   200.000000    
        4250   4250.0000000000000       0.10000000000000001        9.7655057907104492E-002   180.625000    
        4250   4250.0000000000000       0.11000000000000001       0.11641287803649902        164.204544    
        4250   4250.0000000000000        8.0000000000000002E-002   8.4727048873901367E-002   225.781250    
        4250   4250.0000000000000        8.9999999999999997E-002   8.4840059280395508E-002   200.694443    
        4250   4250.0000000000000        8.9999999999999997E-002   8.4994792938232422E-002   200.694443    
        4500   4500.0000000000000       0.10000000000000001       0.10688996315002441        202.500000    
        4500   4500.0000000000000       0.10000000000000001        9.6052169799804688E-002   202.500000    
        4500   4500.0000000000000       0.10000000000000001        9.6172094345092773E-002   202.500000    
        4500   4500.0000000000000       0.13000000000000000       0.13247680664062500        155.769226    
        4500   4500.0000000000000       0.13000000000000000       0.13540101051330566        155.769226    
        4750   4750.0000000000000       0.10000000000000001       0.10826110839843750        225.625000    
        4750   4750.0000000000000       0.11000000000000000       0.10684299468994141        205.113632    
        4750   4750.0000000000000       0.11000000000000001       0.11708498001098633        205.113632    
        4750   4750.0000000000000       0.13000000000000000       0.12402510643005371        173.557693    
        4750   4750.0000000000000       0.13000000000000000       0.13753414154052734        173.557693    
        5000   5000.0000000000000       0.13000000000000000       0.12991690635681152        192.307693    
        5000   5000.0000000000000       0.13000000000000000       0.13168191909790039        192.307693    
        5000   5000.0000000000000       0.16000000000000000       0.15811705589294434        156.250000    
        5000   5000.0000000000000       0.16000000000000000       0.15890097618103027        156.250000    
        5000   5000.0000000000000       0.17000000000000001       0.15924596786499023        147.058823    
        7000   7000.0000000000000       0.25000000000000000       0.25394105911254883        196.000000    
        7000   7000.0000000000000       0.25000000000000000       0.25464797019958496        196.000000    
        7000   7000.0000000000000       0.26000000000000001       0.25655102729797363        188.461533    
        7000   7000.0000000000000       0.28000000000000003       0.27710604667663574        175.000000    
        7000   7000.0000000000000       0.29000000000000004       0.28444314002990723        168.965515    
       10000   10000.000000000000       0.50000000000000000       0.50355195999145508        200.000000    
       10000   10000.000000000000       0.50000000000000000       0.50365114212036133        200.000000    
       10000   10000.000000000000       0.51000000000000001       0.50449204444885254        196.078430    
       10000   10000.000000000000       0.55999999999999994       0.55152297019958496        178.571426    
       10000   10000.000000000000       0.55999999999999994       0.55321788787841797        178.571426    
       11000   10999.999999999998       0.56999999999999995       0.57100200653076172        212.280701    
       11000   10999.999999999998       0.56999999999999995       0.57161998748779297        212.280701    
       11000   10999.999999999998       0.56999999999999995       0.57165312767028809        212.280701    
       11000   10999.999999999998       0.57999999999999996       0.57238292694091797        208.620697    
       11000   10999.999999999998       0.58999999999999997       0.59683704376220703        205.084747    
       12000   12000.000000000000       0.68999999999999995       0.69258904457092285        208.695648    
       12000   12000.000000000000       0.69999999999999996       0.70597100257873535        205.714279    
       12000   12000.000000000000       0.70999999999999996       0.71618103981018066        202.816895    
       12000   12000.000000000000       0.70999999999999996       0.71743917465209961        202.816895    
       12000   12000.000000000000       0.71999999999999997       0.72652816772460938        200.000000    
       13000   13000.000000000000       0.79000000000000004       0.79135298728942871        213.924057    
       13000   13000.000000000000       0.79999999999999993       0.79970407485961914        211.250000    
       13000   13000.000000000000       0.80999999999999994       0.79909300804138184        208.641968    
       13000   13000.000000000000       0.81999999999999995       0.82173991203308105        206.097565    
       13000   13000.000000000000       0.82999999999999996       0.82894301414489746        203.614456    
       14000   14000.000000000000       0.91999999999999993       0.92596578598022461        213.043472    
       14000   14000.000000000000       0.92999999999999994       0.92877197265625000        210.752686    
       14000   14000.000000000000        1.0100000000000000        1.0197751522064209        194.059402    
       14000   14000.000000000000        1.0200000000000000        1.0184459686279297        192.156860    
       14000   14000.000000000000        1.0200000000000000        1.0186138153076172        192.156860    
       15000   15000.000000000000        1.0700000000000001        1.0683190822601318        210.280380    
       15000   15000.000000000000        1.0900000000000001        1.0911898612976074        206.422012    
       15000   15000.000000000000        1.0900000000000001        1.0928680896759033        206.422012    
       15000   15000.000000000000        1.1299999999999999        1.1296129226684570        199.115051    
       15000   15000.000000000000        1.1799999999999999        1.1705040931701660        190.677963    
       20000   20000.000000000000        1.8699999999999999        1.8728780746459961        213.903748    
       20000   20000.000000000000        1.8699999999999999        1.8736221790313721        213.903748    
       20000   20000.000000000000        1.8999999999999999        1.9014859199523926        210.526321    
       20000   20000.000000000000        1.9199999999999999        1.9210560321807861        208.333328    
       20000   20000.000000000000        1.9199999999999999        1.9223959445953369        208.333328    
