500 Infinity
500 Infinity
500 Infinity
500 Infinity
500 Infinity
600 Infinity
600 Infinity
600 Infinity
600 Infinity
600 Infinity
700 Infinity
700 Infinity
700 Infinity
700 Infinity
700 Infinity
800 Infinity
800 Infinity
800 Infinity
800 Infinity
800 Infinity
900 Infinity
900 Infinity
900 Infinity
900 81.0000000
900 81.0000000
1000 Infinity
1000 Infinity
1000 Infinity
1000 Infinity
1000 Infinity
1250 Infinity
1250 Infinity
1250 Infinity
1250 Infinity
1250 Infinity
1500 225.000000
1500 225.000000
1500 225.000000
1500 225.000000
1500 225.000000
1750 306.250000
1750 306.250000
1750 306.250000
1750 306.250000
1750 153.125000
2000 200.000000
2000 200.000000
2000 133.333328
2000 133.333328
2000 133.333328
2250 168.750000
2250 168.750000
2250 168.750000
2250 168.750000
2250 168.750000
2500 208.333328
2500 208.333328
2500 208.333328
2500 208.333328
2500 208.333328
2750 189.062500
2750 189.062500
2750 189.062500
2750 151.250000
2750 126.041664
3000 150.000000
3000 128.571426
3000 128.571426
3000 128.571426
3000 128.571426
3250 211.250000
3250 150.892853
3250 150.892853
3250 150.892853
3250 132.031250
3500 204.166672
3500 153.125000
3500 136.111115
3500 136.111115
3500 136.111115
3750 234.375000
3750 200.892853
3750 156.250000
4000 160.000000
4000 160.000000
4000 145.454544
4000 228.571426
4000 200.000000
4250 180.625000
4250 164.204544
4250 225.781250
4250 200.694443
4250 200.694443
4500 202.500000
4500 202.500000
4500 202.500000
4500 155.769226
4500 155.769226
4750 225.625000
4750 205.113632
4750 205.113632
4750 173.557693
4750 173.557693
5000 192.307693
5000 192.307693
5000 156.250000
5000 156.250000
5000 147.058823
7000 196.000000
7000 196.000000
7000 188.461533
7000 175.000000
7000 168.965515
10000 200.000000
10000 200.000000
10000 196.078430
10000 178.571426
10000 178.571426
11000 212.280701
11000 212.280701
11000 212.280701
11000 208.620697
11000 205.084747
12000 208.695648
12000 205.714279
12000 202.816895
12000 202.816895
12000 200.000000
13000 213.924057
13000 211.250000
13000 208.641968
13000 206.097565
13000 203.614456
14000 213.043472
14000 210.752686
14000 194.059402
14000 192.156860
14000 192.156860
15000 210.280380
15000 206.422012
15000 206.422012
15000 199.115051
15000 190.677963
20000 213.903748
20000 213.903748
20000 210.526321
20000 208.333328
20000 208.333328
