500 12.5000000
500 12.5000000
500 6.25000000
800 32.0000000
1000 50.0000000
1000 50.0000000
6250 195.312500
6250 195.312500
6250 195.312500
6500 162.500000
6500 211.250000
6500 211.250000
6750 207.102280
6750 227.812500
6750 227.812500
7000 222.727280
7000 222.727280
7000 222.727280
7250 219.010422
7250 219.010422
7250 238.920456
7500 216.346161
7500 234.375000
7750 214.508926
7750 231.009613
7750 250.260422
8000 228.571426
8000 228.571426
8000 228.571426
8250 226.875000
8250 226.875000
8250 226.875000
8500 225.781250
8500 225.781250
8500 240.833328
8750 225.183823
8750 225.183823
8750 239.257812
9000 225.000000
9000 225.000000
9000 225.000000
9500 205.113632
9500 225.625000
9500 237.500000
