500 26.3792706
500 32.2638779
500 37.1177330
500 28.7281094
500 20.3606987
600 54.1200523
600 49.8333130
600 49.8333130
600 54.7083130
600 54.7083130
700 63.8263664
700 63.8263664
700 61.1669350
700 63.8263664
700 63.8263664
800 94.5195236
800 93.2067566
800 88.3011398
800 94.5195236
800 88.3011398
900 52.7954369
900 60.3979759
900 62.3946037
900 63.9809074
900 61.8831749
1000 58.6615944
1000 74.2354660
1000 52.4287987
1000 69.3273392
1000 68.7590790
1250 85.9488525
1250 78.2519379
1250 83.2203140
1250 83.2203140
1250 83.2203140
1500 93.9023285
1500 99.8643799
1500 100.663300
1500 99.8643799
1500 136.770782
1750 116.508446
1750 129.912064
1750 97.2189636
1750 176.868240
1750 174.762665
2000 190.650177
2000 172.960983
2000 99.8643799
2000 91.1805191
2000 85.1635361
2250 205.156174
2250 202.950195
2250 202.950195
2250 196.608002
2250 145.187439
2500 207.638809
2500 216.201233
2500 207.638809
2500 216.201233
2500 118.483162
2750 134.904510
2750 140.662628
2750 152.772659
2750 141.525589
2750 148.830139
3000 157.286407
3000 157.286407
3000 139.810135
3000 149.796570
3000 149.796570
3250 167.257523
3250 118.021538
3250 112.193314
3250 175.890167
3250 151.460983
3500 174.762665
3500 199.728760
3500 248.814651
3500 269.358978
3500 269.358978
3750 129.453827
3750 251.658234
3750 208.326355
4000 266.305023
4000 286.790009
4000 127.100121
4000 222.214783
4000 123.361885
4250 180.972504
4250 135.043884
4250 163.539383
4250 163.539383
4250 169.769455
4500 176.395966
4500 166.293991
4500 176.395966
4500 167.029800
4500 208.556549
4750 150.931396
4750 170.281570
4750 166.719193
4750 170.281570
4750 158.118607
5000 164.482513
5000 153.637512
5000 195.995514
5000 181.571594
5000 175.493896
7000 199.728760
7000 175.284348
7000 174.762665
7000 222.425217
7000 147.168564
10000 321.402618
10000 195.995514
10000 210.769043
10000 243.854889
10000 270.600250
11000 292.935516
11000 268.240387
11000 323.770844
11000 339.245178
11000 379.731232
12000 393.216003
12000 393.216003
12000 328.965027
12000 401.048981
12000 393.216003
13000 298.772339
13000 276.781494
13000 194.042526
13000 388.085052
13000 393.689178
14000 217.080429
14000 213.917145
14000 233.016891
14000 233.016891
14000 198.714905
15000 404.595245
15000 400.729675
15000 218.833252
15000 217.321457
15000 217.697433
20000 236.632095
20000 439.194122
20000 207.126129
20000 322.638763
20000 287.773865
30000 416.652710
30000 322.638763
30000 357.469086
30000 247.939148
30000 252.162567
30000 284.359589
40000 233.991852
40000 467.983704
40000 484.890625
40000 487.709778
40000 484.890625
40000 484.890625
50000 489.988800
50000 261.164642
50000 275.397491
50000 242.165359
50000 262.472076
50000 277.034607
60000 325.139832
60000 273.244568
60000 305.225281
60000 305.967468
60000 242.445312
60000 521.571472
70000 245.588684
70000 245.178528
70000 261.676727
70000 245.691452
70000 268.251526
70000 286.860077
80000 330.585541
80000 352.462524
80000 396.156219
80000 415.534760
80000 506.481995
80000 511.110931
90000 523.197998
90000 515.693115
90000 521.751709
90000 523.197998
90000 249.578415
90000 291.721313
