         500      53.0924568    
         500      52.4287987    
         500      47.6625443    
         500      49.9321899    
         500      49.9321899    
         600      63.7109451    
         600      47.9349022    
         600      62.9145584    
         600      62.9145584    
         600      47.9349022    
         700      74.3294373    
         700      74.3294373    
         700      69.9050674    
         700      69.9050674    
         700      46.6033783    
         800      83.8860779    
         800      61.5677643    
         800      61.5677643    
         800      63.9132042    
         800      63.9132042    
         900      89.8779449    
         900      69.2637329    
         900      66.8119202    
         900      72.5937195    
         900      77.8324432    
        1000      99.8643799    
        1000      79.8915024    
        1000      74.2354660    
        1000      79.8915024    
        1000      79.8915024    
        1250      96.1996307    
        1250      48.9988785    
        1250      96.1996307    
        1250      117.817528    
        1250      96.1996307    
        1500      119.837257    
        1500      142.987640    
        1500      142.987640    
        1500      142.987640    
        1500      142.987640    
        1750      176.868240    
        1750      159.565918    
        1750      157.850143    
        1750      166.818909    
        1750      166.818909    
        2000      172.960983    
        2000      190.650177    
        2000      182.361038    
        2000      182.361038    
        2000      182.361038    
        2250      205.156174    
        2250      214.481461    
        2250      202.950195    
        2250      140.853485    
        2250      167.029800    
        2500      177.724747    
        2500      177.724747    
        2500      185.588669    
        2500      192.399261    
        2500      185.588669    
        2750      189.087479    
        2750      195.497223    
        2750      197.168137    
        2750      189.087479    
        2750      202.356766    
        3000      201.326599    
        3000      270.600250    
        3000      187.804657    
        3000      259.441498    
        3000      201.326599    
        3250      241.265274    
        3250      281.061615    
        3250      272.629761    
        3250      223.467010    
        3250      281.061615    
        3500      290.694336    
        3500      234.881027    
        3500      233.016891    
        3500      293.601288    
        3500      233.016891    
       30000      1070.88611    
       30000      1052.96338    
       30000      1052.96338    
       30000      1052.96338    
       30000      1035.63062    
       30000      895.580933    
       40000      964.207825    
       40000      1038.83691    
       40000      1157.04944    
       40000      1038.83691    
       40000      1161.05298    
       40000      1038.83691    
       50000      1097.98535    
       50000      1040.77026    
       50000      1097.98535    
       50000      1149.12439    
       50000      1233.61877    
       50000      1219.27441    
       60000      1277.45300    
       60000      1277.45300    
       60000      960.527649    
       60000      1264.61426    
       60000      1277.45300    
       60000      1290.55505    
       70000      1334.55127    
       70000      1195.93188    
       70000      1205.75476    
       70000      1218.26257    
       70000      1208.23572    
       70000      1198.37256    
       80000      946.528381    
       80000      1240.45959    
       80000      1259.07812    
       80000      1220.16113    
       80000      1222.38367    
       80000      1249.69946    
       90000      1286.15796    
       90000      568.077271    
       90000      1258.29126    
       90000      1303.92871    
       90000      1395.51709    
       90000      1405.91199    
        3750      241.979080    
        3750      226.311371    
        3750      341.926971    
        4000      345.921967    
        4000      258.111023    
        4000      335.544312    
        4000      266.305023    
        4000      296.941864    
        4250      274.242950    
        4250      282.949066    
        4250      367.542114    
        4250      352.985992    
        4250      304.714386    
        4500      373.749847    
        4500      290.374878    
        4500      373.749847    
        4500      299.593140    
        4500      281.706970    
        4750      415.061340    
        4750      365.558594    
        4750      398.458893    
        4750      398.458893    
        4750      379.484650    
        5000      419.430389    
        5000      415.277618    
        5000      415.277618    
        5000      419.430389    
        5000      415.277618    
        7000      515.089966    
        7000      519.648254    
        7000      515.089966    
        7000      519.648254    
        7000      538.717957    
       10000      645.277527    
       10000      645.277527    
       10000      645.277527    
       10000      665.762512    
       10000      626.015503    
       11000      688.617065    
       11000      683.516235    
       11000      688.617065    
       11000      663.846680    
       11000      709.805298    
       12000      703.939148    
       12000      703.939148    
       12000      724.196350    
       12000      585.251709    
       12000      684.784302    
       13000      722.198059    
       13000      619.613098    
       13000      653.005432    
       13000      681.574402    
       13000      388.085052    
       14000      621.378357    
       14000      667.275635    
       14000      667.275635    
       14000      777.751709    
       14000      634.813599    
       15000      683.853943    
       15000      683.853943    
       15000      811.800781    
       15000      786.432007    
       15000      806.596924    
       20000   19999.000000000000        0.0000000000000000        5.1975250244140625E-005   769.597046    
       20000   19999.000000000000        0.0000000000000000        5.7220458984375000E-005   699.050659    
       20000   19999.000000000000        0.0000000000000000        5.1975250244140625E-005   769.597046    
       20000   19999.000000000000        0.0000000000000000        5.1021575927734375E-005   783.982056    
       20000   19999.000000000000        0.0000000000000000        5.1021575927734375E-005   783.982056    

